10
10 10  
20
1 2 3 4 5 6 7 4 5 6 7 8 9 0 5 3 4 5 6 7
2 3 4 5 6 7 8 3 4 5 6 7 8 9 7 5 6 7 4 5
3 4 5 6 7 8 9 2 3 4 5 6 7 8 3 8 9 0 2 3
4 5 6 7 8 9 0 2 3 4 5 6 7 4 5 7 8 9 2 3 
1 2 3 4 8 9 0 2 3 4 5 6 7 4 5 8 9 0 2 3
3 4 5 6 8 9 0 2 3 4 5 6 7 4 5 7 8 9 0 2
4 5 6 7 5 6 7 8 9 2 3 4 5 6 7 7 4 5 6 7
4 5 6 7 8 9 0 2 3 2 3 4 5 6 7 7 4 5 6 7
5 6 7 4 5 7 8 9 2 3 6 7 8 9 7 5 6 7 4 5
3 4 5 6 7 8 9 2 3 4 5 6 7 8 3 8 9 0 2 3
5 6 7 8 4 5 6 2 3 6
6 7 8 9 7 8 9 2 3 6
7 8 9 0 2 3 4 2 3 6
4 5 6 7 4 5 6 2 3 6
3 4 5 6 7 8 9 2 3 6
5 6 7 5 6 7 8 2 3 6
5 6 7 8 4 5 6 2 3 6
3 4 5 6 7 8 9 2 3 6
6 7 4 5 6 4 9 2 3 6
6 7 5 6 7 8 9 2 3 6 
4 5 6 7 8 9 0 2 3 6
3 4 5 6 7 4 5 2 3 6
5 6 7 4 5 6 7 2 3 6
5 6 8 9 0 2 3 2 3 6
1 2 3 4 5 6 7 2 3 6
4 5 6 7 8 9 0 2 3 2
1 2 3 4 5 6 7 4 5 6
5 6 7 5 6 7 8 2 3 6
3 4 5 6 7 7 4 5 6 7
4 5 6 7 8 9 0 2 3 6